BoardManager:270,4065193083052|8,645481280431262|0
SNAPSHOT_V01_00_000:1500|354,16562418786606|0,06
SNAPSHOT_V01_00_001:1501,0787293543135|55,56872523488763|0,05999673127313525
SNAPSHOT_V01_00_003:1494,073257404687|59,08668493123198|0,05989607053210316
SNAPSHOT_V01_00_002:1505,926742595313|59,08668493123198|0,05989607053210316
SNAPSHOT_V01_00_005:1500|69,18667870058809|0,05999673371837694
SNAPSHOT_V01_00_004:1500|69,18667870058809|0,05999673371837694
SNAPSHOT_V01_00_006:1500|353,85874111474976|0,06
SNAPSHOT_V01_00_008:1500|353,85874111474976|0,06
SNAPSHOT_V01_00_007:1500|353,85874111474976|0,06
SNAPSHOT_V01_00_010:1543,8719727377843|68,39716751015524|0,059996785868742686
SNAPSHOT_V01_00_009:1456,1280272622157|68,39716751015524|0,059996785868742686
SNAPSHOT_V01_00_012:1500|353,70519973105127|0,06
SNAPSHOT_V01_00_011:1500|353,70519973105127|0,06
SNAPSHOT_V01_00_014:1500|353,70519973105127|0,06
SNAPSHOT_V01_00_013:1500|353,70519973105127|0,06
SNAPSHOT_V01_00_016:1464,1047495784853|67,59839036682021|0,05999676862893157
SNAPSHOT_V01_00_015:1464,5789116397254|56,08125500939157|0,06133904535712685
SNAPSHOT_V01_00_017:1511,1162501009628|57,922361362248466|0,059996707102379976
SNAPSHOT_V01_00_018:1607,995316478392|53,22742508394253|0,06106503516718107
SNAPSHOT_V01_01_000:1614,869981300672|50,97951820220227|0,062152346958393306
SNAPSHOT_V01_01_001:1728,757469038364|55,13370350497111|0,0599981278512342
SNAPSHOT_V02_00_000:1500|352,6285381120685|0,06
SNAPSHOT_V02_00_002:1500|352,6285381120685|0,06
SNAPSHOT_V02_00_001:1500|352,6285381120685|0,06
SNAPSHOT_V02_00_004:1500|352,6285381120685|0,06
SNAPSHOT_V02_00_003:1500|352,6285381120685|0,06
SNAPSHOT_V02_00_006:1493,9664998476362|49,56341235548445|0,059996706886160725
SNAPSHOT_V02_00_005:1511,9610775703677|38,82616322451838|0,061932215543349774
SNAPSHOT_V02_00_007:1514,167806491692|42,17020876754935|0,059996695906034646
SNAPSHOT_V02_00_008:1428,7442085627945|40,83235295664627|0,05999682797169055
SNAPSHOT_V02_00_009:1592,7623228072673|28,48531027642978|0,07237075437992042
SNAPSHOT_V02_00_010:1558,764624819618|38,279139420684096|0,05999678438075203
SNAPSHOT_V02_01_000:1404,2010146989887|33,75405801645604|0,059882545662658326
SNAPSHOT_V02_01_001:1649,5543794184275|66,95637816142693|0,05999739332527192
SNAPSHOT_V02_01_002:1577,0710730059182|65,63106164261076|0,05999694642355586
SNAPSHOT_V02_01_003:1269,6079968091474|45,374691716880314|0,059998168707600025
SNAPSHOT_V02_01_004:1751,3868686031358|46,903042459974316|0,05999844956115363
