SNAPSHOT_V02_03_007:2183,1914874825034|34,35345611338257|0,06613228658158252
SNAPSHOT_V02_02_013:2202,9497955293464|43,213954527670225|0,10284937799217533
SNAPSHOT_V02_03_008:2126,5548990486077|55,47330881303394|0,06242635383909803
SNAPSHOT_V02_03_009:2221,9322967319167|31,95250625389118|0,06205681209611296
SNAPSHOT_V02_03_010:2233,6619942104685|31,153672624389564|0,05926265367480826
SNAPSHOT_V02_03_011:2233,47286392036|36,248202230351|0,06896650592488959
SNAPSHOT_V02_03_012:2257,548615920714|34,12746992556788|0,062188734128097146
SNAPSHOT_V02_03_013:2178,343496106948|34,34404996652987|0,06278514753360794
SNAPSHOT_V02_03_014:2225,6983163971327|37,45885499678235|0,066440465553843
SNAPSHOT_V02_03_015:2261,3326063865047|30,83025893641551|0,06219561890519366
SNAPSHOT_V02_03_016:2214,14617899832|33,63501023735401|0,059553535806329015
BoardManager:2386,373191034586|30,774663236159874|0,05100041065387551
SNAPSHOT_V02_04_000:2288,3455651227605|33,97979041715414|0,062025330224332945
SNAPSHOT_V02_04_001:2317,0959730567756|31,63990132830306|0,05509962301295625
SNAPSHOT_V02_05_000:2329,5296751229557|33,928331002572264|0,0609364741364304
SNAPSHOT_V02_05_001:2390,555123128937|34,29822471441415|0,061189026463924
SNAPSHOT_V02_01_004:1459,6662637814802|34,22359494799466|0,05977249515126474
SNAPSHOT_V02_06_001:2352,987753656034|33,86054992937557|0,06035684801493464
SNAPSHOT_V02_06_002:2329,87991392646|33,78588678989365|0,06009461519370774
SNAPSHOT_V02_06_003:2335,7923764290736|34,35786238508402|0,06092329667414378
SNAPSHOT_V02_06_004:2333,835166439128|35,3948981498597|0,06291832259418645
SNAPSHOT_V02_06_005:2351,8959087605276|33,6449530706187|0,060969740975872454
SNAPSHOT_V02_06_006:2356,529128078708|34,310973700921345|0,06114327985738
SNAPSHOT_V02_06_007:2362,0179969399323|35,65308524069335|0,06256634781794038
