BoardManager:0|64,66830222200515|0
SNAPSHOT_V01_00_000:1500|350,9299674852459|0,06
SNAPSHOT_V01_00_001:1500|350,9299674852459|0,06
SNAPSHOT_V01_00_003:1494,073257404687|34,89535595427038|0,05989607053210316
SNAPSHOT_V01_00_002:1505,926742595313|34,89535595427038|0,05989607053210316
SNAPSHOT_V01_00_005:1500|50,05594490816673|0,05999673371837694
SNAPSHOT_V01_00_004:1500|50,05594490816673|0,05999673371837694
SNAPSHOT_V01_00_006:1500|350,6202523901472|0,06
SNAPSHOT_V01_00_008:1500|350,6202523901472|0,06
SNAPSHOT_V01_00_007:1500|350,6202523901472|0,06
SNAPSHOT_V01_00_010:1543,8719727377843|48,95885689753956|0,059996785868742686
SNAPSHOT_V01_00_009:1456,1280272622157|48,95885689753956|0,059996785868742686
SNAPSHOT_V01_00_012:1500|350,46529220394694|0,06
SNAPSHOT_V01_00_011:1500|350,46529220394694|0,06
SNAPSHOT_V01_00_014:1500|350,46529220394694|0,06
SNAPSHOT_V01_00_013:1500|350,46529220394694|0,06
SNAPSHOT_V01_00_016:1464,1047495784853|47,83660561195215|0,05999676862893157
SNAPSHOT_V01_00_015:1464,5789116397254|27,58063678930611|0,06133904535712685
SNAPSHOT_V01_00_017:1511,1162501009628|32,76893469124476|0,059996707102379976
SNAPSHOT_V01_00_018:1645,6925959369896|30,91992419228367|0,059997278635389055
